function [Q,H] = local2global_voigt( q )
% q = [l1 m1 n1
%      l2 m2 n2
%      l3 m3 n3];

Q = [ q(1,1) * q(1,1)   q(1,2) * q(1,2)   q(1,3) * q(1,3)         q(1,1) * q(1,2)                q(1,2) * q(1,3)                q(1,1) * q(1,3);
      q(2,1) * q(2,1)   q(2,2) * q(2,2)   q(2,3) * q(2,3)         q(2,1) * q(2,2)                q(2,2) * q(2,3)                q(2,1) * q(2,3);
      q(3,1) * q(3,1)   q(3,2) * q(3,2)   q(3,3) * q(3,3)         q(3,1) * q(3,2)                q(3,2) * q(3,3)                q(3,1) * q(3,3);
      2*q(1,1)*q(2,1)   2*q(1,2)*q(2,2)   2*q(1,3)*q(2,3)  q(1,2)*q(2,1) + q(1,1)*q(2,2)  q(1,2)*q(2,3) + q(2,2)*q(1,3)  q(1,3)*q(2,1) + q(2,3)*q(1,1);
      2*q(2,1)*q(3,1)   2*q(2,2)*q(3,2)   2*q(2,3)*q(3,3)  q(2,2)*q(3,1) + q(2,1)*q(3,2)  q(2,2)*q(3,3) + q(3,2)*q(2,3)  q(2,3)*q(3,1) + q(3,3)*q(2,1);
      2*q(1,1)*q(3,1)   2*q(1,2)*q(3,2)   2*q(1,3)*q(3,3)  q(1,2)*q(3,1) + q(1,1)*q(3,2)  q(3,2)*q(1,3) + q(1,2)*q(3,3)  q(3,3)*q(1,1) + q(1,3)*q(3,1);
      ];
  
H = [ 1 0 0 0 0 0 0 0 0 
      0 0 0 0 1 0 0 0 0
      0 0 0 0 0 0 0 0 1
      0 1 0 1 0 0 0 0 0
      0 0 0 0 0 1 0 1 0
      0 0 1 0 0 0 1 0 0];
  
end